b'Date,Open,High,Low,Close,Adj Close,Volume
2019-04-09,46.299999,46.419998,44.630001,44.730000,44.730000,666093
2019-04-10,44.730000,45.250000,44.470001,45.060001,45.060001,391067
2019-04-11,45.299999,45.660000,44.459999,45.000000,45.000000,849252
2019-04-12,45.270000,45.279999,44.040001,44.880001,44.880001,1116985
2019-04-15,45.000000,45.000000,43.540001,43.759998,43.759998,435251
2019-04-16,44.049999,44.169998,43.310001,43.500000,43.500000,600583
2019-04-17,43.500000,43.500000,43.500000,43.500000,43.500000,0
2019-04-23,43.869999,44.619999,43.599998,43.889999,43.889999,1163286
2019-04-24,43.990002,44.490002,43.060001,44.459999,44.459999,887460
2019-04-25,44.439999,44.639999,43.669998,44.599998,44.599998,1150893
2019-04-26,44.240002,44.240002,42.770000,43.029999,43.029999,1372391
2019-04-29,43.049999,43.090000,42.110001,43.090000,43.090000,737643
2019-04-30,45.000000,45.000000,43.630001,44.270000,44.270000,1833857
2019-05-02,44.299999,44.299999,41.529999,42.000000,42.000000,1785099
2019-05-03,42.000000,42.689999,41.540001,42.599998,42.599998,1238506
2019-05-06,41.500000,41.630001,40.619999,41.290001,41.290001,695285
2019-05-07,41.340000,41.889999,40.240002,40.410000,40.410000,1083999
2019-05-08,40.799999,41.230000,40.180000,40.680000,40.680000,1337015
2019-05-09,40.240002,40.799999,39.700001,40.230000,40.230000,1146456
2019-05-10,41.160000,41.169998,39.709999,39.750000,39.750000,982772
2019-05-13,39.799999,39.959999,38.599998,38.720001,38.720001,958219
2019-05-14,38.340000,39.209999,38.330002,39.119999,39.119999,924481
2019-05-15,39.349998,39.480000,37.779999,38.619999,38.619999,1103020
2019-05-16,38.779999,39.459999,38.549999,39.150002,39.150002,1089952
2019-05-20,39.299999,39.720001,38.020000,38.189999,38.189999,547637
2019-05-21,38.189999,38.619999,38.090000,38.180000,38.180000,581486
2019-05-22,38.150002,38.290001,37.820000,37.919998,37.919998,506877
2019-05-23,37.919998,37.919998,35.930000,35.970001,35.970001,1257422
2019-05-24,36.150002,36.849998,35.830002,36.430000,36.430000,989687
2019-05-27,36.590000,36.590000,35.439999,36.259998,36.259998,461131
2019-05-28,36.090000,36.849998,35.950001,36.230000,36.230000,868727
2019-05-29,36.000000,36.000000,34.110001,34.889999,34.889999,1050776
2019-05-31,34.000000,35.049999,33.380001,34.779999,34.779999,1376732
2019-06-03,34.299999,34.650002,33.700001,34.650002,34.650002,1096783
2019-06-04,34.000000,35.480000,34.000000,34.650002,34.650002,822323
2019-06-05,34.950001,35.029999,34.349998,34.709999,34.709999,902921
2019-06-06,34.720001,34.880001,33.720001,34.330002,34.330002,790792
2019-06-07,34.790001,35.320000,34.099998,34.470001,34.470001,596848
2019-06-11,34.500000,35.000000,34.259998,34.919998,34.919998,647588
2019-06-12,34.400002,34.400002,32.750000,32.959999,32.959999,921994
2019-06-13,33.049999,33.119999,32.509998,33.099998,33.099998,884486
2019-06-14,33.200001,33.450001,32.599998,33.080002,33.080002,665810
2019-06-17,33.070000,33.070000,32.430000,32.709999,32.709999,660253
2019-06-18,32.580002,33.049999,31.299999,32.959999,32.959999,1324321
2019-06-19,33.250000,33.700001,32.880001,33.119999,33.119999,736264
2019-06-20,33.740002,34.180000,33.040001,33.880001,33.880001,1149315
2019-06-21,34.000000,35.169998,33.820000,34.450001,34.450001,3070998
2019-06-24,34.639999,35.349998,34.060001,34.310001,34.310001,638495
2019-06-25,34.200001,34.200001,33.320000,34.000000,34.000000,689884
2019-06-26,34.270000,34.680000,34.090000,34.580002,34.580002,649564
2019-06-27,34.700001,35.290001,34.590000,35.200001,35.200001,684392
2019-06-28,35.139999,35.139999,34.549999,34.880001,34.880001,668547
2019-07-01,35.200001,35.669998,35.200001,35.400002,35.400002,757247
2019-07-02,35.599998,35.599998,34.820000,34.820000,34.820000,526852
2019-07-03,35.000000,35.009998,33.500000,34.150002,34.150002,1123792
2019-07-04,34.330002,34.330002,33.750000,33.750000,33.750000,639524
2019-07-05,33.660000,33.970001,33.400002,33.509998,33.509998,868173
2019-07-08,34.000000,35.000000,33.900002,34.660000,34.660000,1426583
2019-07-09,34.549999,34.549999,32.820000,33.000000,33.000000,815739
2019-07-10,33.000000,33.110001,32.299999,32.910000,32.910000,1051088
2019-07-11,33.570000,33.570000,32.880001,32.980000,32.980000,687453
2019-07-12,33.080002,33.389999,32.540001,32.790001,32.790001,665758
2019-07-15,33.000000,33.290001,31.709999,31.870001,31.870001,845091
2019-07-16,32.000000,32.000000,30.740000,31.000000,31.000000,1047470
2019-07-17,31.299999,31.500000,30.240000,30.510000,30.510000,2151792
2019-07-18,30.500000,30.500000,28.719999,28.889999,28.889999,1658787
2019-07-19,29.200001,29.600000,27.760000,28.570000,28.570000,1430618
2019-07-22,28.790001,29.680000,28.760000,29.549999,29.549999,1271247
2019-07-23,29.700001,29.900000,29.389999,29.559999,29.559999,1093464
2019-07-24,29.820000,30.000000,29.219999,29.330000,29.330000,916553
2019-07-25,29.350000,29.850000,28.690001,29.150000,29.150000,2016886
2019-07-26,29.200001,29.780001,28.559999,29.240000,29.240000,1122308
2019-07-29,29.480000,29.580000,28.660000,28.760000,28.760000,569634
2019-07-30,28.940001,28.940001,27.889999,28.110001,28.110001,727513
2019-07-31,28.080000,29.110001,28.080000,28.500000,28.500000,1236603
2019-08-01,28.500000,29.379999,28.190001,28.330000,28.330000,1125625
2019-08-02,28.000000,28.000000,27.180000,27.559999,27.559999,612300
2019-08-05,27.430000,27.430000,26.059999,26.180000,26.180000,1034442
2019-08-06,26.150000,26.740000,26.129999,26.340000,26.340000,1017574
2019-08-07,26.260000,26.799999,25.510000,25.719999,25.719999,852621
2019-08-08,26.000000,26.260000,25.629999,25.809999,25.809999,978463
2019-08-09,25.809999,25.850000,25.139999,25.629999,25.629999,776973
2019-08-12,25.740000,26.150000,25.219999,25.450001,25.450001,702849
2019-08-13,25.400000,26.580000,25.120001,26.469999,26.469999,939543
2019-08-14,26.799999,26.830000,25.309999,25.450001,25.450001,810441
2019-08-15,25.350000,25.820000,24.190001,24.540001,24.540001,1534400
2019-08-16,25.000000,25.260000,24.799999,24.860001,24.860001,680909
2019-08-19,25.219999,26.180000,25.040001,25.900000,25.900000,1324847
2019-08-20,26.219999,26.540001,25.700001,25.840000,25.840000,626487
2019-08-21,26.190001,27.160000,26.120001,26.980000,26.980000,1508114
2019-08-22,27.020000,27.450001,26.360001,27.200001,27.200001,1515501
2019-08-23,27.500000,27.600000,25.430000,26.750000,26.750000,1242625
2019-08-26,25.370001,26.340000,25.370001,26.139999,26.139999,819425
2019-08-27,26.000000,26.780001,25.900000,26.490000,26.490000,651429
2019-08-28,26.790001,26.799999,26.120001,26.799999,26.799999,852874
2019-08-29,26.799999,27.639999,26.790001,27.430000,27.430000,823464
2019-08-30,28.450001,28.450001,27.230000,27.250000,27.250000,698433
2019-09-02,27.250000,27.420000,26.750000,26.760000,26.760000,469688
2019-09-03,26.879999,26.879999,25.900000,26.030001,26.030001,635811
2019-09-04,26.440001,26.600000,26.090000,26.490000,26.490000,736912
2019-09-05,26.690001,27.430000,26.629999,27.430000,27.430000,1128766
2019-09-06,27.629999,27.660000,26.700001,26.930000,26.930000,855940
2019-09-09,27.570000,27.590000,26.900000,27.139999,27.139999,799784
2019-09-10,27.430000,28.400000,27.200001,28.080000,28.080000,2180869
2019-09-11,28.549999,28.629999,27.420000,27.840000,27.840000,1295031
2019-09-12,27.910000,27.910000,27.020000,27.860001,27.860001,971257
2019-09-13,27.860001,28.670000,27.799999,28.379999,28.379999,746864
2019-09-16,29.400000,29.940001,28.799999,29.629999,29.629999,1120741
2019-09-17,29.910000,30.200001,28.260000,28.709999,28.709999,1497596
2019-09-18,28.900000,28.900000,27.900000,28.299999,28.299999,786569
2019-09-19,28.299999,28.680000,27.590000,28.070000,28.070000,912273
2019-09-20,27.969999,28.280001,27.610001,27.850000,27.850000,766685
2019-09-23,27.850000,27.850000,26.350000,27.059999,27.059999,775140
2019-09-24,27.280001,27.280001,26.340000,26.580000,26.580000,587472
2019-09-25,26.290001,26.320000,24.799999,24.799999,24.799999,1551760
2019-09-26,25.000000,25.030001,23.820000,24.200001,24.200001,1271578
2019-09-27,24.500000,24.940001,23.920000,24.940001,24.940001,806727
2019-09-30,24.950001,25.000000,24.400000,24.580000,24.580000,545500
2019-10-01,24.600000,24.610001,23.879999,24.000000,24.000000,746119
2019-10-02,23.850000,24.120001,23.190001,23.870001,23.870001,1321011
2019-10-03,23.549999,23.670000,22.940001,23.049999,23.049999,690355
2019-10-04,23.370001,23.650000,22.600000,23.520000,23.520000,1681774
2019-10-07,23.500000,24.129999,23.400000,23.980000,23.980000,1569253
2019-10-08,24.290001,24.309999,23.030001,23.950001,23.950001,957414
2019-10-09,23.530001,23.770000,22.840000,23.450001,23.450001,1019686
2019-10-10,23.299999,23.750000,23.040001,23.670000,23.670000,1215426
2019-10-11,24.170000,24.990000,23.969999,24.650000,24.650000,1694089
2019-10-14,24.750000,24.990000,23.799999,24.340000,24.340000,1138177
2019-10-15,24.290001,24.510000,24.000000,24.150000,24.150000,736500
2019-10-16,24.360001,24.570000,23.700001,24.150000,24.150000,1067911
2019-10-17,24.200001,24.510000,23.910000,24.110001,24.110001,724369
2019-10-18,24.440001,24.440001,23.450001,24.120001,24.120001,897454
2019-10-21,24.120001,24.610001,23.920000,24.139999,24.139999,699530
2019-10-22,24.150000,24.379999,24.000000,24.299999,24.299999,1265520
2019-10-23,24.500000,24.500000,21.799999,22.350000,22.350000,3757905
2019-10-24,22.549999,22.790001,21.650000,22.129999,22.129999,2102712
2019-10-25,22.120001,22.120001,21.670000,21.840000,21.840000,1349123
2019-10-28,21.920000,22.420000,21.920000,22.080000,22.080000,984715
2019-10-29,21.910000,21.920000,21.570000,21.799999,21.799999,719971
2019-10-30,21.799999,21.990000,21.650000,21.740000,21.740000,797869
2019-10-31,22.000000,22.000000,20.950001,21.150000,21.150000,1041505
2019-11-01,21.150000,21.420000,20.490000,21.100000,21.100000,1477481
2019-11-04,21.200001,22.340000,21.200001,22.280001,22.280001,1345096
2019-11-05,22.299999,23.040001,22.299999,22.500000,22.500000,1117486
2019-11-06,22.500000,22.870001,22.270000,22.620001,22.620001,661586
2019-11-07,22.620001,23.309999,22.620001,23.309999,23.309999,740759
2019-11-08,23.309999,23.309999,22.549999,22.700001,22.700001,1037856
2019-11-11,22.750000,23.040001,22.360001,22.879999,22.879999,732895
2019-11-12,22.930000,22.969999,22.180000,22.370001,22.370001,623682
2019-11-13,22.370001,22.400000,21.590000,22.020000,22.020000,679376
2019-11-14,22.139999,22.170000,21.639999,21.750000,21.750000,506277
2019-11-15,22.410000,22.750000,22.000000,22.129999,22.129999,805150
2019-11-18,22.340000,22.370001,21.330000,21.469999,21.469999,999877
2019-11-19,21.500000,22.000000,21.120001,21.219999,21.219999,1095283
2019-11-20,21.299999,21.570000,20.969999,21.260000,21.260000,728569
2019-11-21,21.200001,22.160000,20.990000,22.100000,22.100000,604932
2019-11-22,22.090000,22.820000,22.020000,22.820000,22.820000,925698
2019-11-25,22.799999,23.049999,22.580000,22.930000,22.930000,559339
2019-11-26,22.930000,23.389999,22.500000,22.660000,22.660000,912084
2019-11-27,22.940001,22.940001,22.280001,22.350000,22.350000,646675
2019-11-28,22.350000,22.480000,21.950001,22.290001,22.290001,498506
2019-11-29,22.350000,22.629999,21.889999,21.969999,21.969999,588244
2019-12-02,21.969999,22.110001,21.690001,21.900000,21.900000,714037
2019-12-03,21.820000,21.910000,21.170000,21.469999,21.469999,1088974
2019-12-04,21.500000,22.110001,21.250000,22.110001,22.110001,372689
2019-12-05,22.100000,22.360001,21.580000,21.650000,21.650000,401476
2019-12-06,21.700001,22.090000,21.150000,22.030001,22.030001,453791
2019-12-09,22.030001,22.250000,21.690001,22.170000,22.170000,324419
2019-12-10,22.170000,22.180000,21.660000,21.930000,21.930000,344803
2019-12-11,21.930000,22.070000,21.200001,21.200001,21.200001,495655
2019-12-12,21.450001,21.610001,20.950001,21.580000,21.580000,841125
2019-12-13,21.700001,22.459999,21.430000,21.770000,21.770000,942371
2019-12-16,21.980000,22.950001,21.639999,22.840000,22.840000,1217783
2019-12-17,23.500000,23.590000,22.629999,22.900000,22.900000,947318
2019-12-18,23.000000,23.110001,22.350000,23.110001,23.110001,761269
2019-12-19,23.100000,23.990000,22.780001,23.969999,23.969999,983973
2019-12-20,24.000000,24.180000,23.600000,24.000000,24.000000,1156104
2019-12-23,24.000000,24.059999,23.670000,24.000000,24.000000,736360
2019-12-27,24.100000,24.809999,24.100000,24.650000,24.650000,731632
2019-12-30,24.709999,24.799999,23.870001,24.719999,24.719999,670450
2020-01-02,24.990000,26.180000,24.900000,26.000000,26.000000,1577241
2020-01-03,26.020000,26.150000,25.480000,25.650000,25.650000,734453
2020-01-06,25.799999,25.799999,24.850000,25.469999,25.469999,991407
2020-01-07,25.450001,25.670000,25.110001,25.500000,25.500000,471470
2020-01-08,25.200001,25.580000,25.090000,25.230000,25.230000,564499
2020-01-09,25.010000,25.020000,24.160000,24.400000,24.400000,1034278
2020-01-10,24.420000,24.459999,23.639999,24.139999,24.139999,820526
2020-01-13,24.150000,24.200001,23.290001,23.450001,23.450001,865134
2020-01-14,22.950001,23.000000,21.639999,22.260000,22.260000,2400916
2020-01-15,22.969999,23.459999,21.650000,22.129999,22.129999,2911198
2020-01-16,22.129999,22.309999,21.650000,22.090000,22.090000,1172477
2020-01-17,22.150000,22.490000,21.940001,22.080000,22.080000,865833
2020-01-20,22.100000,22.160000,21.790001,22.129999,22.129999,360759
2020-01-21,21.870001,22.070000,21.650000,21.950001,21.950001,507061
2020-01-22,21.900000,21.900000,20.740000,20.990000,20.990000,1337517
2020-01-23,20.500000,20.969999,20.150000,20.520000,20.520000,1550055
2020-01-24,20.549999,21.000000,20.400000,20.900000,20.900000,878664
2020-01-27,20.750000,20.750000,19.770000,20.410000,20.410000,687857
2020-01-28,20.299999,20.350000,19.625000,20.160000,20.160000,829130
2020-01-29,20.000000,20.049999,19.200001,19.200001,19.200001,891164
2020-01-30,19.145000,19.145000,18.650000,18.895000,18.895000,697064
2020-01-31,19.045000,19.100000,18.469999,18.615000,18.615000,730440
2020-02-03,18.610001,18.940001,18.174999,18.520000,18.520000,599247
2020-02-04,18.700001,18.760000,18.309999,18.469999,18.469999,504320
2020-02-05,18.715000,18.825001,18.180000,18.825001,18.825001,904217
2020-02-06,18.910000,19.299999,18.635000,18.860001,18.860001,1073411
2020-02-07,18.000000,18.000000,14.110000,14.110000,14.110000,8589002
2020-02-10,14.120000,14.445000,12.590000,13.390000,13.390000,6407109
2020-02-11,13.790000,14.450000,13.785000,14.250000,14.250000,4022375
2020-02-12,14.465000,14.930000,14.340000,14.510000,14.510000,2846813
2020-02-13,14.645000,15.360000,14.510000,15.360000,15.360000,2711963
2020-02-14,15.500000,15.500000,14.705000,15.130000,15.130000,1958307
2020-02-17,15.150000,15.200000,14.660000,15.150000,15.150000,1130669
2020-02-18,15.085000,15.085000,14.450000,14.880000,14.880000,1137438
2020-02-19,15.150000,15.250000,14.605000,14.700000,14.700000,1167591
2020-02-20,14.850000,15.075000,14.690000,14.890000,14.890000,905199
2020-02-21,14.890000,14.895000,14.355000,14.525000,14.525000,1336611
2020-02-24,14.290000,14.290000,12.930000,13.170000,13.170000,1542701
2020-02-25,13.200000,13.460000,12.750000,13.000000,13.000000,1211273
2020-02-26,12.500000,13.165000,12.500000,13.100000,13.100000,1245873
2020-02-27,12.900000,12.910000,12.000000,12.305000,12.305000,1487565
2020-02-28,11.900000,13.165000,11.745000,13.005000,13.005000,1733798
2020-03-02,13.350000,13.745000,12.500000,12.625000,12.625000,1784727
2020-03-03,13.000000,13.205000,12.645000,12.690000,12.690000,1297855
2020-03-04,12.700000,12.865000,12.065000,12.100000,12.100000,1165844
2020-03-05,12.400000,12.400000,11.540000,11.650000,11.650000,1297211
2020-03-06,11.500000,11.500000,10.900000,10.900000,10.900000,1304250
2020-03-09,7.000000,8.728000,7.000000,7.418000,7.418000,4745730
2020-03-10,8.068000,8.136000,6.924000,6.924000,6.924000,4657710
2020-03-11,7.336000,7.336000,6.410000,6.424000,6.424000,3350605
2020-03-12,6.300000,6.300000,5.728000,6.006000,6.006000,2809005
2020-03-13,6.100000,6.952000,6.030000,6.476000,6.476000,2356578
2020-03-16,6.000000,6.072000,4.750000,5.232000,5.232000,5158851
2020-03-17,5.478000,5.676000,4.950000,5.092000,5.092000,4291691
2020-03-18,5.200000,5.234000,4.721000,4.730000,4.730000,3272811
2020-03-19,4.889000,4.990000,4.510000,4.597000,4.597000,3890358
2020-03-20,5.100000,5.176000,4.651000,4.884000,4.884000,6173873
2020-03-23,4.900000,4.920000,4.362000,4.379000,4.379000,6037496
2020-03-24,4.949000,5.248000,4.611000,5.050000,5.050000,5722959
2020-03-25,5.600000,7.200000,5.382000,5.794000,5.794000,16500347
2020-03-26,5.700000,6.106000,5.350000,5.700000,5.700000,8535311
2020-03-27,5.750000,5.760000,5.226000,5.480000,5.480000,5149300
2020-03-30,5.300000,5.472000,5.000000,5.304000,5.304000,4551982
2020-03-31,5.550000,6.000000,5.450000,5.516000,5.516000,6921722
2020-04-01,5.495000,5.630000,5.210000,5.560000,5.560000,4591632
2020-04-02,5.750000,6.240000,5.715000,5.965000,5.965000,7425206
2020-04-03,6.205000,6.685000,5.930000,6.510000,6.510000,8746009
2020-04-06,6.500000,6.595000,6.230000,6.400000,6.400000,4210357
2020-04-07,6.680000,7.700000,6.600000,7.440000,7.440000,7037218
2020-04-08,7.440000,7.440000,6.740000,7.095000,7.095000,6298208'
