b'Date,Open,High,Low,Close,Adj Close,Volume
2019-04-09,8.000000,8.000000,8.000000,8.000000,8.000000,2000
2019-04-10,8.000000,8.000000,8.000000,8.000000,8.000000,0
2019-04-11,8.000000,8.000000,8.000000,8.000000,8.000000,0
2019-04-12,8.000000,8.000000,8.000000,8.000000,8.000000,0
2019-04-15,8.000000,8.000000,8.000000,8.000000,8.000000,0
2019-04-16,8.000000,8.000000,8.000000,8.000000,8.000000,0
2019-04-17,8.000000,8.000000,8.000000,8.000000,8.000000,0
2019-04-23,7.850000,7.900000,7.850000,7.900000,7.900000,3100
2019-04-24,7.850000,8.100000,7.850000,8.100000,8.100000,6555
2019-04-25,8.100000,8.100000,8.100000,8.100000,8.100000,0
2019-04-26,7.750000,7.750000,7.750000,7.750000,7.750000,2000
2019-04-29,7.750000,8.050000,7.750000,8.050000,8.050000,14784
2019-04-30,8.050000,8.050000,8.050000,8.050000,8.050000,0
2019-05-02,8.050000,8.050000,8.050000,8.050000,8.050000,0
2019-05-03,8.000000,8.000000,8.000000,8.000000,8.000000,5
2019-05-06,8.000000,8.000000,8.000000,8.000000,8.000000,0
2019-05-07,7.500000,8.000000,7.400000,7.550000,7.550000,59760
2019-05-08,7.750000,7.750000,7.750000,7.750000,7.750000,350
2019-05-09,7.750000,7.750000,7.750000,7.750000,7.750000,0
2019-05-10,8.050000,8.050000,8.050000,8.050000,8.050000,30
2019-05-13,8.050000,8.050000,8.050000,8.050000,8.050000,0
2019-05-14,7.600000,7.600000,7.400000,7.400000,7.400000,34100
2019-05-15,7.300000,7.500000,7.200000,7.500000,7.500000,36900
2019-05-16,7.250000,7.550000,7.200000,7.500000,7.500000,119384
2019-05-20,7.300000,7.800000,7.300000,7.600000,7.600000,12125
2019-05-21,7.600000,7.600000,7.300000,7.450000,7.450000,17565
2019-05-22,7.350000,7.350000,7.250000,7.250000,7.250000,11218
2019-05-23,7.250000,7.250000,7.000000,7.000000,7.000000,124483
2019-05-24,7.000000,7.000000,6.800000,7.000000,7.000000,27258
2019-05-27,7.050000,7.300000,7.000000,7.300000,7.300000,45315
2019-05-28,6.900000,7.300000,6.900000,7.300000,7.300000,62928
2019-05-29,7.300000,7.500000,7.300000,7.500000,7.500000,23773
2019-05-31,7.600000,7.600000,7.300000,7.300000,7.300000,3762
2019-06-03,7.300000,7.300000,7.300000,7.300000,7.300000,5
2019-06-04,7.300000,7.300000,7.300000,7.300000,7.300000,0
2019-06-05,7.500000,7.550000,7.500000,7.550000,7.550000,31500
2019-06-06,7.300000,7.300000,6.700000,6.700000,6.700000,16213
2019-06-07,7.000000,7.300000,7.000000,7.300000,7.300000,5000
2019-06-11,7.300000,7.300000,7.300000,7.300000,7.300000,500
2019-06-12,7.200000,7.300000,7.200000,7.300000,7.300000,38181
2019-06-13,7.350000,7.450000,7.350000,7.450000,7.450000,68099
2019-06-14,7.450000,7.500000,7.450000,7.500000,7.500000,4173
2019-06-17,7.450000,7.600000,7.450000,7.600000,7.600000,109654
2019-06-18,7.500000,7.500000,7.350000,7.500000,7.500000,44806
2019-06-19,7.500000,7.550000,7.500000,7.550000,7.550000,135000
2019-06-20,7.600000,7.600000,7.600000,7.600000,7.600000,1692
2019-06-21,7.600000,7.600000,7.600000,7.600000,7.600000,678
2019-06-24,7.300000,7.300000,7.300000,7.300000,7.300000,14283
2019-06-25,7.300000,7.300000,7.300000,7.300000,7.300000,0
2019-06-26,7.000000,7.300000,7.000000,7.300000,7.300000,22
2019-06-27,7.300000,7.300000,7.300000,7.300000,7.300000,0
2019-06-28,7.300000,7.300000,7.300000,7.300000,7.300000,8366
2019-07-01,7.300000,7.900000,7.300000,7.800000,7.800000,25723
2019-07-02,7.700000,7.700000,7.700000,7.700000,7.700000,1
2019-07-03,7.400000,7.900000,7.400000,7.750000,7.750000,11925
2019-07-04,7.750000,7.750000,7.750000,7.750000,7.750000,210
2019-07-05,7.300000,7.600000,7.300000,7.450000,7.450000,680
2019-07-08,7.450000,7.450000,7.450000,7.450000,7.450000,0
2019-07-09,7.450000,7.450000,7.250000,7.250000,7.250000,6044
2019-07-10,7.250000,7.450000,7.200000,7.450000,7.450000,2983
2019-07-11,7.750000,7.750000,7.400000,7.500000,7.500000,17379
2019-07-12,7.700000,7.700000,6.750000,7.250000,7.250000,313946
2019-07-15,7.350000,7.350000,7.250000,7.300000,7.300000,25102
2019-07-16,7.250000,7.250000,7.250000,7.250000,7.250000,5000
2019-07-17,7.200000,7.200000,7.200000,7.200000,7.200000,29
2019-07-18,7.100000,7.500000,7.100000,7.500000,7.500000,7109
2019-07-19,7.500000,7.500000,7.450000,7.450000,7.450000,51
2019-07-22,7.450000,7.450000,7.100000,7.100000,7.100000,5554
2019-07-23,7.400000,7.400000,6.950000,7.150000,7.150000,21562
2019-07-24,7.150000,7.150000,7.000000,7.100000,7.100000,25675
2019-07-25,7.100000,7.100000,7.000000,7.000000,7.000000,13441
2019-07-26,7.000000,7.000000,6.950000,6.950000,6.950000,8558
2019-07-29,7.050000,7.050000,6.850000,6.850000,6.850000,25876
2019-07-30,6.900000,6.900000,6.850000,6.850000,6.850000,9530
2019-07-31,6.950000,7.000000,6.950000,6.950000,6.950000,27010
2019-08-01,6.950000,7.000000,6.700000,6.900000,6.900000,132051
2019-08-02,6.700000,6.700000,6.500000,6.500000,6.500000,60000
2019-08-05,6.400000,6.400000,6.400000,6.400000,6.400000,20000
2019-08-06,7.000000,7.300000,6.050000,7.150000,7.150000,27711
2019-08-07,7.300000,7.300000,6.500000,7.050000,7.050000,40080
2019-08-08,6.750000,6.750000,6.750000,6.750000,6.750000,6500
2019-08-09,6.550000,6.550000,6.550000,6.550000,6.550000,1050
2019-08-12,7.000000,7.000000,7.000000,7.000000,7.000000,100
2019-08-13,6.250000,6.950000,6.250000,6.700000,6.700000,27232
2019-08-14,7.000000,7.000000,6.450000,6.450000,6.450000,7216
2019-08-15,6.400000,6.950000,6.350000,6.350000,6.350000,69232
2019-08-16,6.350000,6.500000,6.350000,6.350000,6.350000,21829
2019-08-19,6.600000,6.600000,6.350000,6.350000,6.350000,10058
2019-08-20,6.400000,6.450000,6.300000,6.350000,6.350000,45429
2019-08-21,6.700000,6.700000,6.400000,6.700000,6.700000,1102
2019-08-22,6.550000,6.550000,6.300000,6.550000,6.550000,8820
2019-08-23,6.550000,6.550000,6.550000,6.550000,6.550000,0
2019-08-26,6.550000,6.550000,6.300000,6.300000,6.300000,5271
2019-08-27,6.250000,6.500000,6.250000,6.500000,6.500000,147449
2019-08-28,6.250000,6.450000,6.250000,6.450000,6.450000,119
2019-08-29,6.350000,6.450000,6.350000,6.450000,6.450000,6001
2019-08-30,6.450000,6.450000,6.300000,6.400000,6.400000,650
2019-09-02,6.400000,6.400000,6.400000,6.400000,6.400000,5300
2019-09-03,6.200000,6.200000,6.200000,6.200000,6.200000,3500
2019-09-04,6.200000,6.200000,6.200000,6.200000,6.200000,200
2019-09-05,6.500000,6.500000,6.150000,6.150000,6.150000,18985
2019-09-06,6.450000,6.500000,6.350000,6.350000,6.350000,197375
2019-09-09,6.550000,6.550000,6.500000,6.550000,6.550000,12233
2019-09-10,6.600000,6.600000,6.550000,6.550000,6.550000,10000
2019-09-11,6.500000,6.600000,6.500000,6.550000,6.550000,22867
2019-09-12,6.550000,6.550000,6.550000,6.550000,6.550000,0
2019-09-13,6.550000,6.550000,6.550000,6.550000,6.550000,0
2019-09-16,6.550000,6.600000,6.550000,6.600000,6.600000,26653
2019-09-17,6.900000,7.000000,6.900000,7.000000,7.000000,55024
2019-09-18,7.000000,7.000000,7.000000,7.000000,7.000000,0
2019-09-19,7.000000,7.200000,7.000000,7.200000,7.200000,1000
2019-09-20,6.950000,6.950000,6.500000,6.650000,6.650000,10501
2019-09-23,7.000000,7.200000,6.650000,6.650000,6.650000,726
2019-09-24,6.650000,6.650000,6.650000,6.650000,6.650000,0
2019-09-25,6.500000,6.500000,6.500000,6.500000,6.500000,1500
2019-09-26,6.600000,6.600000,6.600000,6.600000,6.600000,1731
2019-09-27,6.600000,6.600000,6.600000,6.600000,6.600000,0
2019-09-30,6.500000,6.950000,6.500000,6.950000,6.950000,22500
2019-10-01,6.950000,6.950000,6.300000,6.500000,6.500000,66546
2019-10-02,6.500000,6.500000,6.500000,6.500000,6.500000,0
2019-10-03,6.400000,6.400000,6.150000,6.200000,6.200000,3119
2019-10-04,6.300000,6.500000,6.300000,6.500000,6.500000,5010
2019-10-07,6.550000,6.900000,6.550000,6.750000,6.750000,6127
2019-10-08,6.500000,6.750000,6.500000,6.750000,6.750000,1540
2019-10-09,6.450000,6.600000,6.450000,6.600000,6.600000,7002
2019-10-10,6.600000,6.650000,6.550000,6.550000,6.550000,2495
2019-10-11,6.550000,6.700000,6.450000,6.700000,6.700000,25434
2019-10-14,6.150000,6.600000,6.150000,6.600000,6.600000,62425
2019-10-15,6.600000,6.600000,6.600000,6.600000,6.600000,0
2019-10-16,6.600000,6.600000,6.600000,6.600000,6.600000,0
2019-10-17,6.350000,6.350000,6.200000,6.300000,6.300000,18611
2019-10-18,6.300000,6.800000,6.200000,6.200000,6.200000,14757
2019-10-21,6.150000,6.350000,6.150000,6.300000,6.300000,36918
2019-10-22,6.400000,6.500000,6.400000,6.500000,6.500000,2668
2019-10-23,6.550000,6.950000,6.550000,6.800000,6.800000,76885
2019-10-24,6.850000,7.000000,6.850000,7.000000,7.000000,118692
2019-10-25,7.000000,7.000000,6.700000,6.750000,6.750000,24864
2019-10-28,6.750000,6.950000,6.750000,6.900000,6.900000,2101
2019-10-29,6.950000,6.950000,6.500000,6.750000,6.750000,20984
2019-10-30,6.550000,6.550000,6.400000,6.500000,6.500000,12602
2019-10-31,6.450000,6.650000,6.450000,6.650000,6.650000,210
2019-11-01,6.400000,6.800000,6.350000,6.500000,6.500000,6133
2019-11-04,6.750000,6.750000,6.750000,6.750000,6.750000,4
2019-11-05,6.400000,6.550000,6.400000,6.500000,6.500000,17294
2019-11-06,6.400000,6.450000,6.300000,6.300000,6.300000,21695
2019-11-07,6.350000,6.350000,6.350000,6.350000,6.350000,150
2019-11-08,6.350000,6.350000,6.350000,6.350000,6.350000,0
2019-11-11,6.300000,6.300000,6.100000,6.100000,6.100000,66027
2019-11-12,6.150000,6.550000,6.000000,6.550000,6.550000,56199
2019-11-13,6.550000,6.550000,6.200000,6.450000,6.450000,49366
2019-11-14,6.400000,6.550000,6.200000,6.550000,6.550000,6101
2019-11-15,6.000000,6.600000,6.000000,6.550000,6.550000,106472
2019-11-18,6.100000,6.700000,6.100000,6.500000,6.500000,57912
2019-11-19,6.500000,6.500000,6.500000,6.500000,6.500000,0
2019-11-20,6.200000,6.450000,6.100000,6.450000,6.450000,23274
2019-11-21,6.300000,6.300000,6.250000,6.250000,6.250000,999
2019-11-22,6.300000,6.400000,6.150000,6.400000,6.400000,32145
2019-11-25,6.100000,6.450000,6.100000,6.250000,6.250000,4654
2019-11-26,6.250000,6.250000,6.200000,6.250000,6.250000,15043
2019-11-27,6.200000,6.200000,6.000000,6.100000,6.100000,116200
2019-11-28,5.950000,6.050000,5.950000,6.000000,6.000000,52505
2019-11-29,5.900000,6.000000,5.900000,6.000000,6.000000,27400
2019-12-02,6.000000,6.200000,5.950000,6.200000,6.200000,13700
2019-12-03,6.200000,6.200000,6.050000,6.050000,6.050000,1016
2019-12-04,6.050000,6.300000,6.000000,6.000000,6.000000,4125
2019-12-05,5.950000,6.000000,5.950000,6.000000,6.000000,9350
2019-12-06,6.000000,6.000000,6.000000,6.000000,6.000000,14017
2019-12-09,6.250000,6.250000,6.000000,6.000000,6.000000,1700
2019-12-10,6.100000,6.150000,6.000000,6.150000,6.150000,119243
2019-12-11,6.100000,6.100000,6.100000,6.100000,6.100000,58097
2019-12-12,6.100000,6.100000,6.000000,6.000000,6.000000,24314
2019-12-13,6.100000,6.200000,6.000000,6.100000,6.100000,56209
2019-12-16,6.200000,6.300000,6.100000,6.250000,6.250000,34954
2019-12-17,6.250000,6.250000,6.100000,6.150000,6.150000,51070
2019-12-18,6.100000,6.100000,6.100000,6.100000,6.100000,15000
2019-12-19,6.150000,6.200000,6.050000,6.200000,6.200000,24588
2019-12-20,6.250000,6.300000,6.050000,6.050000,6.050000,37012
2019-12-23,6.200000,6.350000,6.200000,6.350000,6.350000,22170
2019-12-27,6.450000,6.500000,6.450000,6.500000,6.500000,15954
2019-12-30,6.550000,6.900000,6.500000,6.800000,6.800000,106275
2020-01-02,6.800000,6.800000,6.500000,6.500000,6.500000,58693
2020-01-03,6.750000,6.750000,6.750000,6.750000,6.750000,1000
2020-01-06,6.650000,6.650000,6.650000,6.650000,6.650000,1160
2020-01-07,6.500000,6.600000,6.500000,6.600000,6.600000,24465
2020-01-08,6.500000,6.850000,6.500000,6.600000,6.600000,24163
2020-01-09,6.550000,6.750000,6.500000,6.750000,6.750000,11865
2020-01-10,6.500000,6.750000,6.500000,6.600000,6.600000,104576
2020-01-13,6.750000,6.750000,6.500000,6.500000,6.500000,521687
2020-01-14,6.500000,6.650000,6.500000,6.500000,6.500000,195406
2020-01-15,6.650000,6.650000,6.500000,6.550000,6.550000,38331
2020-01-16,6.550000,6.550000,6.550000,6.550000,6.550000,0
2020-01-17,6.500000,6.700000,6.500000,6.700000,6.700000,4453
2020-01-20,6.600000,6.750000,6.500000,6.750000,6.750000,43496
2020-01-21,6.750000,6.750000,6.500000,6.500000,6.500000,12044
2020-01-22,6.500000,6.850000,6.500000,6.850000,6.850000,8769
2020-01-23,6.850000,6.850000,6.500000,6.800000,6.800000,3001
2020-01-24,6.800000,6.800000,6.500000,6.700000,6.700000,68964
2020-01-27,6.500000,6.850000,6.500000,6.500000,6.500000,19707
2020-01-28,6.500000,6.500000,6.500000,6.500000,6.500000,10142
2020-01-29,6.600000,6.600000,6.550000,6.550000,6.550000,1031
2020-01-30,6.600000,6.600000,6.600000,6.600000,6.600000,2000
2020-01-31,6.500000,6.600000,6.500000,6.600000,6.600000,1506
2020-02-03,6.500000,6.500000,6.500000,6.500000,6.500000,16461
2020-02-04,6.500000,6.500000,6.500000,6.500000,6.500000,3633
2020-02-05,6.700000,6.800000,6.500000,6.550000,6.550000,5400
2020-02-06,6.550000,6.550000,6.500000,6.500000,6.500000,3000
2020-02-07,6.500000,6.500000,6.500000,6.500000,6.500000,1000
2020-02-10,6.850000,6.850000,6.500000,6.500000,6.500000,106001
2020-02-11,6.500000,6.550000,6.500000,6.550000,6.550000,4638
2020-02-12,6.500000,6.500000,6.500000,6.500000,6.500000,153925
2020-02-13,6.500000,6.550000,6.250000,6.500000,6.500000,1940173
2020-02-14,6.500000,6.500000,6.300000,6.450000,6.450000,2031
2020-02-17,6.200000,6.400000,6.200000,6.400000,6.400000,7308
2020-02-18,6.250000,6.450000,6.250000,6.450000,6.450000,5699
2020-02-19,6.300000,6.550000,6.300000,6.550000,6.550000,3673
2020-02-20,6.300000,6.800000,6.300000,6.600000,6.600000,3157
2020-02-21,6.400000,6.400000,6.400000,6.400000,6.400000,9
2020-02-24,6.450000,6.450000,6.300000,6.300000,6.300000,6513
2020-02-25,6.100000,6.300000,6.100000,6.300000,6.300000,5143
2020-02-26,6.300000,6.300000,6.300000,6.300000,6.300000,0
2020-02-27,6.750000,6.800000,5.900000,5.950000,5.950000,13587
2020-02-28,5.850000,6.700000,5.750000,6.700000,6.700000,49975
2020-03-02,6.500000,6.500000,5.800000,6.400000,6.400000,3971
2020-03-03,6.400000,6.400000,5.900000,6.250000,6.250000,20875
2020-03-04,6.300000,6.300000,6.200000,6.200000,6.200000,724
2020-03-05,5.900000,6.250000,5.750000,6.250000,6.250000,17239
2020-03-06,5.750000,5.950000,5.550000,5.650000,5.650000,8840
2020-03-09,5.550000,5.550000,5.050000,5.300000,5.300000,7449
2020-03-10,5.650000,5.650000,5.650000,5.650000,5.650000,800
2020-03-11,5.650000,6.400000,5.650000,6.400000,6.400000,6118
2020-03-12,5.800000,5.800000,5.150000,5.500000,5.500000,14650
2020-03-13,5.300000,5.650000,5.300000,5.450000,5.450000,10810
2020-03-16,5.200000,5.300000,4.600000,4.600000,4.600000,21540
2020-03-17,4.880000,5.150000,4.880000,5.000000,5.000000,6502
2020-03-18,5.000000,5.000000,4.220000,4.700000,4.700000,39978
2020-03-19,4.240000,4.700000,4.240000,4.700000,4.700000,47567
2020-03-20,5.150000,5.150000,4.300000,4.640000,4.640000,117977
2020-03-23,5.000000,5.000000,4.140000,4.880000,4.880000,19106
2020-03-24,4.680000,4.840000,4.580000,4.840000,4.840000,79278
2020-03-25,4.480000,4.980000,4.480000,4.620000,4.620000,7650
2020-03-26,4.760000,4.760000,4.480000,4.500000,4.500000,20591
2020-03-27,4.420000,4.700000,4.420000,4.700000,4.700000,10555
2020-03-30,4.780000,4.800000,4.780000,4.780000,4.780000,3740
2020-03-31,4.420000,4.900000,4.400000,4.800000,4.800000,29484
2020-04-01,4.800000,4.800000,3.620000,3.800000,3.800000,667746
2020-04-02,3.800000,3.880000,3.600000,3.600000,3.600000,396061
2020-04-03,3.600000,3.680000,3.500000,3.560000,3.560000,202663
2020-04-06,3.680000,3.700000,3.500000,3.600000,3.600000,44107
2020-04-07,3.680000,3.740000,3.620000,3.680000,3.680000,113753
2020-04-08,3.720000,3.720000,3.340000,3.600000,3.600000,71106'
